#data used for neural network

import numpy as np

exam_data =  [[0.3, 0.8, 1, 0.78],
             [0.45, 0.75, 0, 0.57],
             [0.6, 0.6, 1, 0.72],
             [0.2, 0.5, 1, 0.31],
             [0.3, 0.8, 1, 0.84],
             [0.5, 0.5, 0, 0.46],
             [0.4, 0.6, 1, 0.93],
             [0.25, 0.7, 0, 0.78],
             [0.4, 0.7, 0, 0.55],
             [0.5, 0.6, 1, 0.67],
             [0.2, 0.8, 1, 0.74],
             [0.6, 0.5, 1, 0.7],
             [0.5, 0.6, 0, 0.48],
             [0.4, 0.7, 1, 0.5],
             [0.4, 0.6, 1, 0.33]]
